lastAccountName: PlumSauc3
timestamps:
  login: 1583231895774
  lastteleport: 1583228915754
  logout: 1583231953732
ipAddress: 69.17.129.214
lastlocation:
  world: world
  x: 4.392275258459513
  y: 73.0
  z: -3.6999999880790715
  yaw: 52.04988
  pitch: 33.750015
logoutlocation:
  world: world
  x: 157.64146612837328
  y: 62.0
  z: 189.1593196449193
  yaw: -276.45004
  pitch: 22.64999
afk: false
