lastAccountName: PlumSauc3
timestamps:
  login: 1583230868205
  lastteleport: 1583228915754
  logout: 1583230100564
ipAddress: 69.17.129.214
lastlocation:
  world: world
  x: 4.392275258459513
  y: 73.0
  z: -3.6999999880790715
  yaw: 52.04988
  pitch: 33.750015
logoutlocation:
  world: world
  x: 2.8605920726960563
  y: 74.0
  z: -3.1511298339322553
  yaw: -258.75012
  pitch: 23.100027
