lastAccountName: unskilled_player
timestamps:
  login: 1583226061265
  lastteleport: 1583226836044
  logout: 1583227644968
ipAddress: 69.17.129.214
lastlocation:
  world: world
  x: 2.175628314270207
  y: 75.0
  z: -0.25939398253208884
  yaw: 82.34794
  pitch: 45.300743
afk: false
logoutlocation:
  world: world
  x: 2.1107577481114603
  y: 73.0
  z: 3.300000011920929
  yaw: 152.55011
  pitch: 16.20011
