lastAccountName: unskilled_player
timestamps:
  login: 1583231962998
  lastteleport: 1583232077684
  logout: 1583232198588
ipAddress: 69.17.129.214
lastlocation:
  world: world_nether
  x: 0.5
  y: 128.0
  z: 7.380953310274587
  yaw: 0.0
  pitch: 0.0
afk: false
logoutlocation:
  world: world
  x: 8480.994933810454
  y: 71.0
  z: 8469.7423984318
  yaw: 176.99979
  pitch: 17.700096
